822 col 0 0 254
1370 col 0 0 0
2473 col 254 0 0
2600 col 0 0 0
2678 col 254 0 0
2836 col 0 0 0
2879 col 254 0 0
3016 col 0 0 0
3075 col 254 0 0
3192 col 0 0 0
3308 col 254 0 0
3468 col 0 0 0
3501 col 254 0 0
3976 col 0 0 0
4359 col 0 0 254
4561 col 0 0 0
4616 col 0 254 0
4616 col 0 254 254
4616 col 254 254 254
4801 col 254 0 254
4801 col 254 0 0
4801 col 0 0 0
4847 col 0 0 254
5006 col 0 0 0
5034 col 0 0 254
5034 col 254 0 254
5035 col 254 254 254
5288 col 254 254 0
5288 col 254 0 0
5289 col 0 0 0
5544 col 0 254 0
5792 col 0 0 0
5863 col 0 254 0
6007 col 0 0 0
6085 col 0 254 0
6337 col 0 0 0
6378 col 0 254 0
6586 col 0 0 0
6756 col 254 0 0
6760 col 254 58 0
6959 col 0 58 0
6962 col 0 0 0
7076 col 0 58 0
7076 col 254 58 0
7163 col 0 58 0
7164 col 0 0 0
7186 col 0 58 0
7197 col 254 58 0
7303 col 254 0 0
7305 col 0 0 0
7432 col 254 0 0
7435 col 254 64 0
7680 col 0 64 0
7681 col 0 0 0
7752 col 254 0 0
7757 col 254 64 0
7905 col 254 0 0
7905 col 0 0 0
7979 col 254 0 0
7980 col 254 64 0
8372 col 0 64 0
8373 col 0 0 0
8386 col 0 0 254
9042 col 0 0 0
9320 col 0 126 0
9321 col 0 126 254
9321 col 254 126 254
10030 col 0 126 254
10034 col 0 126 0
10034 col 0 0 0
10258 col 0 0 254
10667 col 0 0 0
10737 col 0 0 254
11171 col 0 0 0
12170 col 254 0 0
12182 col 254 254 0
12758 col 254 0 0
12759 col 0 0 0
13560 col 254 0 0
13999 col 254 0 254
14007 col 0 0 254
14440 col 0 0 0
16012 col 0 0 254
16019 col 254 0 254
16019 col 254 254 254
16243 col 254 0 254
16243 col 0 0 254
16257 col 0 0 0
17435 col 12 0 0
17629 col 26 0 0
17812 col 42 0 0
17952 col 58 0 0
18104 col 74 0 0
18217 col 84 0 0
18349 col 106 0 0
18458 col 122 0 0
18570 col 138 0 0
18676 col 154 0 0
18780 col 172 0 0
18890 col 192 0 0
19010 col 204 0 0
19115 col 218 0 0
19208 col 238 0 0
19294 col 254 0 0
19656 col 0 0 0
19688 col 0 0 254
19947 col 254 0 254
19968 col 254 0 0
21211 col 254 172 0
21219 col 126 172 0
21945 col 126 172 254
21994 col 0 172 254
22407 col 0 172 0
23490 col 0 254 0
23504 col 0 254 254
23504 col 254 254 254
23916 col 254 0 254
23923 col 0 0 254
23937 col 0 0 0
24433 col 254 0 0
24454 col 254 254 0
24468 col 254 254 254
24846 col 254 0 254
24867 col 254 0 0
25503 col 130 0 0
25516 col 130 128 0
26068 col 0 128 0
26257 col 0 128 136
26796 col 0 128 0
26796 col 0 2 0
27215 col 254 2 0
27229 col 254 254 0
27236 col 254 254 254
27690 col 0 254 254
27697 col 0 0 254
28207 col 254 0 254
28214 col 254 254 254
28725 col 0 254 254
28725 col 0 254 0
28727 col 0 0 0
28796 col 254 0 0
28857 col 0 0 0
28922 col 254 0 0
28980 col 0 0 0
29041 col 254 0 0
29097 col 0 0 0
29156 col 254 0 0
29218 col 0 0 0
29279 col 204 0 0
29342 col 0 0 0
29404 col 128 0 0
29476 col 0 0 0
29536 col 254 0 0
29599 col 0 0 0
29644 col 196 0 0
29709 col 0 0 0
29759 col 130 0 0
29818 col 0 0 0
29869 col 132 0 0
29926 col 0 0 0
29980 col 82 0 0
30041 col 0 0 0
30121 col 0 0 254
30294 col 0 0 0
30450 col 0 0 254
30625 col 0 0 0
30768 col 254 0 0
30910 col 254 0 254
30923 col 0 0 254
31099 col 0 0 0
31977 col 0 0 0
